03836
04181
03188
00481
00495
02282
03822
04195
04142
02533
00324
01984
00442
02255
01990
00456
01748
00330
04156
03639
02527
05248
01006
00318
03611
05260
02269
03177
01760
01774
03163
03605
05274
01012
00683
05923
04383
04397
05089
05937
00697
01589
00867
00873
04426
03349
02057
05738
00898
00640
00126
01238
02731
04340
02725
04354
00132
00654
04432
01562
03375
05704
05062
03413
01204
01210
02719
03407
04368
03361
01576
00668
02686
03598
00091
00085
02692
05843
00913
00907
05894
00734
00052
04234
02645
04220
02889
02651
01358
00046
00720
02137
05880
03229
00708
01416
05670
04208
03567
02679
01370
01364
03573
05102
03215
01402
00293
03942
01833
03956
02490
01199
00287
03981
05328
02447
03759
04036
00250
01628
00536
04750
02321
04988
04744
00522
00244
03995
04022
01172
03765
05472
01614
01600
02309
05466
05300
03771
00278
01166
05467
02308
01601
01167
00279
03770
03764
01173
01615
00523
04745
04023
02452
03994
00245
00251
04037
03758
02446
03980
02320
00537
01629
01826
00286
01198
02491
03957
02485
03943
00292
01832
04792
05103
03572
01365
01403
03214
05665
03200
05671
01417
00709
01371
05117
02678
03566
04209
00047
01359
02650
04221
04547
03228
05881
02136
00721
00735
05895
02644
04235
00053
00906
00912
02693
00084
04584
00090
03599
02687
04369
03406
02718
01211
00669
01577
03360
05705
03374
01563
01205
03412
05063
00133
04355
02724
04433
00655
00641
00899
05739
02056
03348
04427
04341
02730
01239
00127
00872
00866
05088
04396
01588
00696
05936
02081
05922
00682
04382
03162
01775
01013
05275
03604
05261
03610
00319
01007
01761
03176
02268
05507
01749
00457
01991
05249
02526
03638
04157
00331
00325
02532
04143
02254
00443
01985
02283
00494
04194
03823
04180
03837
00480
01946
03189
05288
03821
04196
01788
01950
00496
02281
01944
00482
03835
04182
03809
00333
04155
02524
04633
01993
00455
00441
02256
03148
04141
02530
01039
00327
04169
03606
02518
05277
01011
00469
01777
03160
03174
01763
01005
03612
05263
02083
05934
00694
04394
04380
00680
00858
03389
05920
00870
05908
00864
01549
00657
04431
02726
03438
04357
00131
00125
02732
04343
04425
00643
03362
01575
01213
03404
05061
03410
00119
01207
01561
04419
03376
02068
00938
00086
01398
02691
02685
00092
00904
02861
05868
00910
00723
02134
05883
04223
02652
00045
00051
04237
03558
02646
02120
05897
00737
01429
02108
03216
01401
01367
00079
03570
05101
03564
01373
01415
03202
03955
02493
00284
00290
03799
03941
03969
01818
00247
01159
03996
02450
04021
00521
00535
04753
03982
02444
04035
00253
03772
01165
01603
03014
05465
05471
00509
01171
05317
02478
03766
04009
00508
01616
05470
04008
03767
02479
01170
01164
03773
05464
03015
01602
02323
00534
00252
04034
02445
03983
04020
02451
03997
01158
00246
00520
03968
04791
03940
03798
00291
00285
02492
03954
04785
01825
01372
03565
03203
01414
01400
03217
05666
03571
00078
01366
02647
03559
04236
00050
01428
00736
05896
05882
02135
00722
00044
02653
04222
00911
05869
00905
00093
02684
05855
00939
05699
02690
01399
00087
01206
00118
03411
05060
02069
03377
04418
01560
01574
03363
03405
01212
04342
02733
00124
00642
02055
04424
04430
00656
01548
00130
04356
03439
02727
00865
05909
00871
04381
05921
03388
00859
00681
00695
05935
02082
04395
01762
03175
05504
05262
03613
01004
01010
05276
02519
03607
04168
03161
05510
00468
03149
02257
00440
01986
00326
01038
02531
04140
02525
04154
00332
00454
01992
03808
00483
02294
04183
03834
04197
03820
05289
02280
00497
01969
03818
04805
00493
02284
03824
04193
05299
03830
04187
02290
00487
01941
03165
03603
05272
01014
01000
03617
04178
05266
02509
03171
00478
01766
02247
03159
00450
01996
01028
00336
04150
02521
04144
02535
00322
00444
01982
00875
05919
00861
04391
02086
03398
05931
00691
00849
00685
02092
05925
04385
00108
01216
05070
03401
03367
04408
02079
01570
01564
03373
05702
05064
03415
01202
02723
04352
00134
00652
04434
02045
04420
01558
00646
00120
02737
05058
04346
03429
00901
05879
00915
02864
00083
02694
05845
00929
04597
02680
00097
01389
01362
03575
05662
03213
01404
01410
03207
03561
01376
00068
03549
04226
05138
02657
00040
00726
01438
02131
05886
05892
00732
00054
04232
02643
03978
01809
01821
03788
02496
03950
00281
00295
02482
03944
01606
00518
05460
02469
05306
04018
03777
01160
01174
05312
03763
05474
01612
02333
00524
00242
03993
04024
02441
03987
04030
00256
01148
00530
05448
02327
01149
00257
04031
03986
02440
02326
00531
00525
02332
04025
03992
02454
00243
03762
05313
01175
05475
05461
00519
01607
01161
03776
04019
03945
02483
00294
01834
00280
03951
02497
03979
01808
04964
00733
05893
02642
04233
00055
00041
02656
04227
03548
05887
02130
01439
00727
03206
02118
01411
00069
01377
03560
03574
01363
01405
03212
05850
04596
00928
01388
00096
02681
02695
00082
05844
00914
05878
00900
00647
01559
04421
03428
04347
05059
02736
00121
00135
04353
02722
02044
04435
00653
05703
03372
01565
01203
03414
05065
03400
05071
01217
00109
01571
02078
04409
03366
05924
00684
04384
04390
00848
00690
05930
03399
00860
05918
02905
00874
00323
02534
04145
02252
01983
00445
01997
00451
03158
02246
02520
04151
00337
01029
02508
04179
03616
01001
01767
00479
03170
03164
05515
01773
01015
05273
03602
04186
03831
05298
00486
00492
04192
03825
03819
04812
00484
01942
04184
03827
04190
00490
01956
03199
02287
03172
01003
03614
05265
03600
05271
01017
00309
01771
02278
04609
03166
00447
01759
02250
04621
03628
04147
02536
00321
00335
04153
02522
02244
00453
01995
02913
00862
00876
02907
04386
00686
01598
02091
05926
05932
00692
04392
02708
05067
04379
03416
01201
01567
00679
03370
03364
05715
01573
01215
05073
03402
00123
02734
04345
04423
00645
00889
00651
03358
04437
05729
02720
04351
00137
01229
02867
00916
00902
02683
00094
00080
02697
03589
03562
01375
01413
05675
03204
03210
00719
01407
01361
03576
04219
02668
01349
00057
04231
02640
05891
03238
00731
00725
02132
05885
04225
02654
00043
05488
01836
01188
00296
03947
02495
03953
00282
05477
01611
00269
01177
05311
03760
03774
01163
01605
05463
00533
04755
02324
02442
03984
04033
00255
00241
03990
04027
03748
04741
02330
04999
00527
03749
04026
03991
00240
00526
01638
04998
02331
00532
00254
04032
03985
02443
01162
03775
05462
03013
01604
01610
02319
05476
03761
05310
01176
00268
00283
03952
02494
01837
05489
03946
00297
01189
05884
02133
00724
00042
02655
04224
02641
04230
00056
01348
00730
03239
05890
01406
00718
03211
02669
04218
03577
01360
01374
03563
03205
01412
03588
02696
00081
00095
02682
00903
02866
00917
02047
04436
03359
00650
00888
01228
00136
04350
02721
04344
02735
00122
00644
04422
01572
03365
03403
05072
01214
01200
03417
04378
05066
02709
03371
00678
01566
00693
05933
02084
04393
04387
05927
02090
01599
00687
00877
00863
02523
04152
00334
00452
02251
01758
00446
00320
02537
05258
04146
03629
00308
01016
05270
03601
03167
02279
01770
01764
03173
05264
03615
01002
04191
03826
03198
01957
00491
00485
04185
03832
04813
02593
03855
00384
00390
02587
03841
03699
04690
03869
03128
04647
00421
01059
00347
04121
02550
03896
04135
02544
03882
00353
00435
01703
03672
05203
01065
01071
04109
03666
02578
05217
00409
01298
00186
05940
00838
05954
02785
00192
00804
05968
00810
02752
04323
00145
00623
04445
05983
04451
05997
02020
01529
00637
00151
05029
02746
03458
04337
00179
01267
03470
03316
02008
01501
01515
03302
05015
03464
01273
04294
00794
00958
00780
03289
02829
04280
00970
00964
02815
04257
03538
02626
05149
00031
00757
01449
02140
00743
00025
04243
02632
01313
03504
05175
03262
01475
01461
02168
03276
03510
05161
01307
00019
00596
04928
02381
04096
03921
04082
03935
02395
00582
03909
01878
04733
00555
00233
04055
02430
04041
00227
01139
00541
01887
03048
02356
05439
01677
00569
05411
05377
03706
04069
01111
01105
03712
03713
01104
01662
00568
01676
01110
04068
03707
01138
00226
04040
02431
05438
02357
03049
04726
01886
00540
01892
00554
02343
04054
02425
00232
03908
01879
03934
04083
00583
02394
04929
01689
00597
03920
05389
04097
02169
01460
00018
01306
05160
03511
05174
03505
01312
01474
03263
05612
00742
04524
02633
04242
00024
00030
05148
02627
03539
04256
02141
01448
00756
00965
02814
00971
03288
00781
00959
04281
02828
04295
00795
03303
01514
01272
03465
05014
03471
05000
01266
00178
01500
02009
03317
00636
01528
02021
05996
04450
04336
03459
02747
05028
00150
00144
04322
02753
02035
05982
04444
00622
00811
05969
00805
05955
00193
00187
01299
00839
05941
05216
02579
03667
04108
01070
01716
00408
03115
01702
01064
05202
03673
00352
03883
02545
04134
00434
00420
03129
03897
02551
04120
00346
01058
01919
03868
03698
03840
02586
00391
00385
03854
02592
01933
00393
02584
03842
02590
03856
00387
01099
05599
00436
01728
02221
04136
03659
02547
03881
05228
00350
00344
04122
02553
03895
02235
00422
01072
03665
05214
03671
05200
01066
00378
01700
03117
03498
00191
05957
05943
00185
00813
00807
00152
02745
04334
04452
05994
00634
00620
04446
05980
03329
05758
02751
04320
00146
01258
03467
04308
01270
01516
00608
03301
03315
01502
01264
05002
03473
04283
00783
02194
05837
01489
00797
05189
04297
00967
00973
01338
00026
04240
02631
03249
00740
00998
00754
02143
04254
02625
00032
03513
05162
01304
01462
03275
03261
00768
01476
01310
04268
03507
02619
05176
02396
00581
04081
03936
04095
03922
00595
01853
02382
00542
02355
02433
04042
00224
00230
02427
03739
04056
04730
01648
00556
04718
05406
01660
00218
01106
03711
03705
01112
01113
03704
05413
01661
05407
02368
03076
04719
03710
01107
00219
04057
03738
02426
00231
01891
00557
01649
00543
00225
04043
02432
04902
03923
04094
00594
01846
00580
02397
03937
04080
01477
00769
03260
05177
02618
03506
04269
01311
01305
05163
03512
03274
01463
02142
00755
00033
02624
04255
02630
04241
00027
01339
00999
00741
03248
00972
00966
00796
01488
02181
04296
05188
04282
02195
00782
01503
03314
03472
01265
01271
04309
03466
05017
03300
00609
01517
03328
05981
04447
00621
01259
00147
04321
02750
04335
02744
00153
00635
02022
05995
04453
00806
00812
05942
00184
00190
02787
03499
05956
00379
01067
05201
03670
01701
05215
03664
01073
03894
02552
04123
00345
00423
02234
04889
01729
00437
00351
05229
03880
02546
03658
04137
01098
00386
02591
01932
03843
02585
00392
00396
01088
03847
02581
04696
01936
01922
03853
02595
00382
01077
00369
03660
05211
04669
01711
03112
03674
05205
01063
04133
03884
02542
00355
00433
02224
02230
04641
00427
01739
00341
03648
04127
03890
05239
02556
00816
02973
00802
05952
00194
00180
03489
05946
01513
03304
03462
01275
01261
05007
04319
03476
03310
05761
01507
00619
05991
03338
04457
02026
00631
00157
01249
02740
04331
02754
04325
00143
00625
05985
04443
00962
00976
01498
00786
02191
05198
04286
04292
05832
02185
00792
00779
01467
03270
03516
04279
05167
02608
01301
01315
03502
05173
03264
01473
02152
00745
00023
04245
02634
04251
02620
01329
00037
00751
00989
02146
03258
04084
03933
00584
01856
00590
03099
04090
03927
01103
05365
03714
05371
03700
00209
01117
02436
04047
03728
00221
01659
00547
04721
02350
02344
01895
00553
00235
04053
00552
01894
02345
04052
00234
00220
03729
04046
05358
02437
02351
00546
02379
05416
01670
01116
00208
03701
03715
05364
01102
03073
03098
00591
01857
03926
04091
03932
04085
00585
04913
00036
01328
02621
04250
03259
04536
00988
00750
00744
02153
02635
04244
00022
05172
03503
01314
01472
03265
05614
03271
01466
00778
01300
02609
05166
04278
03517
04293
00793
02190
00787
01499
04287
05199
00977
00963
00142
04324
02755
04442
05984
00624
00630
05748
04456
03339
05990
04330
02741
01248
00156
03477
04318
05006
01260
00618
01506
03311
05774
03305
01512
01274
03463
03488
00181
05947
05953
00195
00803
00817
00426
02557
05238
03891
04126
03649
00340
00354
02543
03885
04132
02225
00432
01704
01062
05204
03675
05210
03661
00368
01076
02219
01923
00383
02594
03852
02580
03846
01089
00397
01937
01909
03878
03850
02596
00381
01921
04681
04695
01935
00395
03844
02582
03677
04118
05206
02569
01060
00418
01706
01712
01074
03663
05212
00342
04124
03893
02555
02233
00424
00430
02227
04656
03139
04130
03887
02541
01048
00356
00801
05979
00815
05945
00183
02780
01289
00197
00829
05951
03313
01504
01262
05004
03475
05010
03461
00168
01276
01510
03307
04468
05776
02019
01538
00626
05986
04440
02757
05038
04326
03449
00140
00154
02743
04332
05992
04454
02025
00632
00975
00961
03298
05831
02186
00949
00791
04291
04285
00785
02192
03267
01470
01316
00008
03501
05170
03515
05164
01302
01464
03273
00752
02145
04252
02623
00034
00020
03529
04246
02637
02151
00746
01458
03918
01869
04905
04093
03924
01855
00593
02384
01841
00587
01699
04087
03930
05372
03703
01114
05414
03071
00578
01100
05366
04078
03717
00236
01128
02421
04050
02347
01896
00550
01882
00544
02353
02435
04044
00222
02352
00545
00223
04045
02434
04051
01129
00237
00551
01897
02346
03058
00579
01667
03070
03716
04079
05367
02408
01101
01115
03702
05373
01698
00586
01840
02391
03931
04086
03925
04092
02385
00592
01854
03919
01868
02636
04247
03528
00021
01459
00747
02150
04535
02144
00753
00035
02622
04253
01303
05165
03514
03272
01465
01471
03266
02178
05171
03500
00009
01317
04284
02193
00784
00790
00948
03299
04290
00960
00974
04333
02742
00155
00633
02024
04455
05993
04441
05987
00627
01539
00141
03448
04327
02756
01277
00169
03460
05011
02018
05777
04469
03306
01511
01505
03312
03474
05005
01263
00196
01288
02959
05950
05788
00828
05944
00182
00814
05978
00800
02971
03138
02226
00431
00357
01049
02540
03886
04131
02554
03892
04125
00343
00425
05213
03662
01075
01061
02568
05207
04119
03676
00419
01934
02583
03845
00394
00380
03689
02597
03851
04858
04870
03879
01905
03874
03860
01911
01939
03848
03690
00399
01087
01093
03684
00400
04666
04100
02571
01078
00366
00372
04114
02565
00414
03135
01044
03653
05222
04128
03647
02559
05236
01050
00428
04896
03121
00819
05961
05975
01285
03492
00825
00831
05949
03486
01291
00164
04302
04464
00602
01508
00616
04470
02001
03479
04316
00170
05020
03451
02997
00158
01246
01520
04458
03337
05746
03323
05752
01534
01252
05034
03445
00979
05197
04289
05829
03280
01497
00951
00789
01483
00945
03294
05183
02834
00010
04276
03519
02607
05168
02161
00776
01468
00762
02175
04504
04262
02613
00004
03525
01332
01454
00992
03243
03257
01440
00986
01326
00038
03531
05140
01871
03900
03914
01865
05395
03928
01859
01681
00574
04074
00212
00206
01118
04060
04706
00560
03041
05430
01656
00548
01130
05356
02439
03727
04048
05342
03733
01124
01125
03732
05425
03054
00549
01657
05431
03040
04049
03726
02438
05357
01131
04061
02410
01119
00207
00561
03068
04707
00575
00213
04075
03929
01680
01858
05394
03915
01864
03901
00987
01441
03256
05141
03530
00039
01327
01333
05155
03524
03242
00993
01455
04505
02174
00763
00005
02612
04263
05169
02606
03518
04277
00011
01469
00777
02160
03295
00944
01482
05182
02821
04288
05196
00788
00950
01496
03281
00978
01535
05753
03322
03444
01253
01247
00159
03450
03336
04459
01521
02000
04471
00617
01509
00171
04317
03478
05009
04303
00165
00603
02014
04465
05948
00830
01290
03487
03493
01284
00824
05784
05974
05960
00818
01051
05237
02558
03646
04129
03120
00429
01723
03134
05223
03652
01045
02564
04115
00373
00415
04667
03108
00401
00367
01079
02570
04101
03685
01092
04840
04698
01938
01086
00398
03691
03849
03861
01910
01904
03875
03863
03877
01090
02599
03687
01084
02200
00417
01709
00371
04117
03678
02566
05209
04103
02572
00365
00403
03122
03644
05235
01053
01047
00359
03650
05221
03888
02228
03136
01721
05976
05962
03485
01292
00832
05786
00826
01286
00198
03491
02764
04315
00173
00615
04467
03308
02016
05779
00601
00167
01279
04301
01251
02758
03446
04329
03320
05989
05751
01537
00629
01523
03334
05745
05023
03452
01245
05180
01480
00946
03297
03283
01494
00952
05194
04261
02610
01319
00007
00761
02176
03268
02162
00775
00013
04275
02604
01325
03532
05143
03254
01443
00985
00749
01457
00991
03240
04249
03526
02638
01331
01866
03917
03903
01682
04088
00588
04705
00563
00205
04063
05369
02406
03718
04077
00211
00577
02360
01899
02348
03730
00239
01127
01133
03724
03042
01655
03725
01132
01654
03043
02349
03057
01126
00238
03731
00210
04076
03719
02407
04710
00576
01668
00562
02375
04062
00204
04089
00589
01683
03902
01873
01867
03916
03241
00990
01456
00748
01330
02639
03527
04248
05142
03533
01324
00984
01442
03255
00774
04512
02163
02605
04274
00012
00006
01318
02611
04260
02177
00760
00953
01495
03282
05195
02836
05181
02188
03296
00947
01481
05744
03335
01522
01244
03453
05022
04328
03447
02759
05036
01250
00628
01536
05750
05988
00600
05778
02017
03309
04466
04300
01278
00166
00172
04314
02765
04472
00614
00827
05787
03490
00199
01287
01293
02942
03484
00833
05963
05977
03889
05220
03651
00358
01046
01720
03137
02229
03123
01052
05234
03645
00364
02573
04102
00402
01708
00416
02201
05208
02567
03679
04116
00370
01085
03692
04857
03686
02598
01091
03876
01907
01913
03862
01095
03682
04847
02588
03696
01081
03866
01903
03872
03641
05230
03899
01056
00348
01730
04890
02239
03127
04884
03133
01724
01042
03655
05224
00374
04112
02563
02205
00412
00406
02211
03669
04106
05218
02577
00360
00837
03480
01297
00189
01283
02952
03494
00823
05973
05967
03325
01532
01254
05032
03443
02749
04338
03457
01240
01526
00638
03331
05998
05740
00610
03319
02761
04310
00176
01268
00162
04304
04462
02013
00604
00943
01485
03292
05185
05191
03286
02198
00957
01491
05807
03251
00758
00980
01446
01320
03537
04258
05146
02629
03523
05152
01334
00994
01452
03245
00764
02173
04264
02615
00002
01308
00016
04270
02601
02167
03279
00770
04099
00599
01687
01693
03912
01863
01877
03906
03735
01122
03047
05436
01650
00228
01136
05350
03721
00200
04066
03709
01678
00566
00572
04714
02403
04072
00214
04715
00573
00215
04073
02402
03708
04067
00201
00567
01679
01889
01651
05437
04729
03720
01137
00229
01123
03734
03052
01645
01876
03907
03913
01862
04098
01686
00598
02600
04271
00017
01309
00771
03278
04503
00765
00003
02614
04265
01335
03522
03244
01453
00995
01447
00981
00759
03250
02628
05147
04259
03536
01321
05812
05806
02827
05190
01490
00956
02199
03287
03293
01484
00942
05184
04305
00163
00605
02012
04463
02006
03318
00611
01269
00177
04311
02760
01241
03456
04339
05027
02748
05741
05999
03330
00639
01527
01533
05755
03324
03442
05033
01255
05966
05972
03495
01282
00822
05782
04488
00836
00188
01296
03481
02210
01719
00407
00361
02576
04107
03668
02562
04113
00375
00413
02204
03132
04885
05225
03654
01043
00349
01057
03898
05231
03640
03126
01731
01902
03873
03867
01080
03697
02589
03683
01094
04852
03695
01082
04844
00388
01096
03859
03681
03871
01914
03865
01041
03656
04139
05227
02548
04887
00439
01727
04893
03124
03642
05233
01055
04105
02574
00363
00405
02212
02206
00411
01069
00377
04111
02560
05780
05958
00820
01280
03497
03483
01294
00834
05964
05970
00808
01525
03332
05743
05025
03454
01243
00149
01257
05031
03440
03326
04449
05757
01531
04461
01519
00607
00161
05019
04307
03468
02762
04313
00175
00613
04475
03285
00954
01492
05192
02825
05186
04298
00940
01486
00798
03291
00968
00997
01451
02158
03246
03520
05151
01337
00029
01323
03534
03252
00983
01445
02164
00773
00015
04273
02602
03508
04267
05179
02616
00001
00767
01479
02170
03939
05390
02399
04930
04924
01684
03905
01860
03911
01135
05353
03722
01653
01647
00559
03050
05421
02428
04059
03736
01121
02400
04071
00217
01109
00571
05409
02366
04703
00565
00203
04065
00564
04702
04064
00202
01108
00216
04070
02401
05408
00570
05420
03051
00558
01646
01120
03737
04058
05346
02429
03723
05352
01134
01652
01861
03910
03904
01685
03938
02398
02617
05178
04266
03509
02171
01478
00766
00772
02165
02603
04272
00014
05144
03535
01322
01444
00982
03253
03247
02159
01450
00996
00028
01336
05150
03521
05805
00969
02830
04299
05187
03290
00799
01487
00941
01493
00955
03284
05193
00174
04312
02763
02005
04474
00612
00606
01518
04460
03469
04306
00160
03441
01256
00148
01530
05756
04448
03327
03333
01524
01242
03455
05024
02978
00809
05971
05965
01295
03482
00835
00821
05959
05781
03496
01281
00410
03119
02561
04110
00376
01068
00362
02575
04104
00404
03125
01732
01054
05232
03643
02549
05226
04138
03657
01040
01726
00438
03131
04886
01915
03864
03870
01901
03680
03858
01097
00389
01083
03694
03817
03803
05282
03195
01796
00488
03181
05296
04188
00305
04163
02512
02274
00463
00477
02260
04177
03618
02506
05269
00311
03630
05241
01027
00339
01999
01741
05527
02248
03156
03142
01755
01033
03624
05255
05902
05916
00846
01580
03397
05080
02923
05094
03383
00852
01594
00661
04407
03368
02076
05719
02710
04361
00107
01219
00113
02704
04375
04413
00675
03354
05725
00885
01543
01225
03432
05057
02738
03426
04349
01231
00891
01557
00649
03340
05731
05876
00932
03585
01392
00098
01386
02857
03591
00926
00715
02102
04215
02664
00073
01379
00067
04201
02670
02116
03208
00701
03220
05889
00729
01437
01351
04229
03546
02658
05137
03552
01345
01423
03234
03963
01806
03977
01190
03787
02499
05490
05484
03793
01184
00271
02466
03778
04017
01609
00517
00503
02314
02472
04003
00265
03744
01153
01635
04995
04981
02328
05447
01621
00259
01147
05321
03988
03750
01620
02329
04980
03751
03989
01146
00258
01152
03745
04994
02315
00502
00264
04002
04016
03779
02467
00270
00516
01608
02301
01185
03792
02498
03786
01191
05491
01807
03976
03962
01813
01344
03553
03235
01422
01436
00728
05888
03221
05136
02659
03547
04228
02881
01350
02671
04200
00066
01378
00700
03209
04572
00714
00072
02665
04214
03590
01387
00099
00927
00933
01393
03584
05863
05877
01230
04348
03427
02739
05056
05730
03341
00648
01556
00890
01542
00884
05724
03355
03433
01224
04374
02705
00112
00674
04412
03369
04406
00660
01218
00106
04360
02711
05095
02922
01595
00853
03382
03396
01581
00847
05081
05917
05903
01754
03143
05254
03625
01032
00338
01026
05240
03631
03157
02249
05526
01768
00476
00310
05268
02507
03619
04176
02513
04162
00304
00462
02275
03180
00489
01797
04189
05297
05283
03194
03816
03800
03814
05295
01795
03182
03196
02288
04821
01959
03828
05281
04174
02505
00312
00474
02263
02277
03169
00460
01018
00306
04160
02511
01030
04148
03627
02539
05256
03141
00448
01742
03155
03633
05242
01024
05915
05901
00879
05929
03380
00689
00851
01597
04389
05083
00845
01583
03394
04410
01568
00676
00110
05068
02707
03419
04376
02713
04362
00104
00662
04404
02075
00892
01554
03343
05732
03425
01232
00138
01226
03431
04438
03357
05726
00886
01540
00919
02868
05875
00925
01385
02854
03592
02698
03586
01391
00931
05691
02115
00702
00064
04202
02673
04216
03579
02667
05108
00070
00716
01408
02101
01420
02129
03237
03551
05120
01346
00058
01352
03545
03223
01434
03974
03960
03790
03948
01187
00299
04941
04799
01193
03784
02471
04000
00266
01178
00500
02317
05478
02303
00514
00272
04014
01144
05322
03753
05444
01622
00528
05450
03747
04028
01150
04997
03020
00529
01151
04029
03746
02458
03752
01145
01623
00515
02302
04015
00273
01179
00267
04001
02470
05479
02316
00501
05492
03785
01192
00298
01186
03949
03791
01838
04968
03961
03975
05135
03544
02882
01353
01435
03222
03236
02128
01421
00059
01347
03550
00071
02666
03578
04217
02100
01409
00717
00703
02672
04203
00065
01390
03587
02699
05690
00930
00924
05684
03593
02855
01384
05874
00918
03430
01227
00139
01541
00887
05727
03356
04439
05733
03342
01555
00893
01233
03424
05055
00105
04363
02712
02074
04405
00663
00677
01569
02060
04411
04377
03418
02706
00111
05082
03395
01582
00844
01596
00850
00688
03381
05928
05096
02921
04388
00878
05900
05914
03154
01743
01025
03632
05257
02538
03626
04149
01031
01757
00449
03140
00461
03168
02276
02510
04161
00307
01019
00313
02504
04175
02262
00475
01958
02289
03197
05280
03829
03183
01794
03815
03801
01970
04808
01790
01948
03187
04830
03839
05290
05284
03193
03805
03811
01960
03144
01753
01035
03622
05253
03636
04159
05247
02528
01021
00459
01747
03150
00471
06000
02266
03178
04171
02500
01009
00317
00303
04165
02514
02272
00465
03385
01592
00854
00698
01586
00840
05938
03391
04398
02931
05086
00868
05910
05904
05051
03420
00129
01237
01551
00897
03346
04429
05737
03352
05723
01545
00883
01223
03434
00115
02702
04373
04415
00673
01579
00667
04401
02070
02716
05079
04367
03408
00101
01380
02689
03597
00920
00934
03583
02845
01394
05870
00908
02879
03554
01343
01425
03232
02138
04549
03226
01431
01357
00049
03540
05131
00061
03568
04207
05119
02676
02110
00707
01419
00713
04213
02662
00075
05482
03795
01182
01196
00288
03781
03959
05496
01800
03971
03965
04987
01627
00539
01141
02448
04039
03756
05333
03742
01155
01633
04993
00505
02312
02474
04005
00263
00277
01169
02460
04011
05469
02306
00511
04010
01168
00276
00510
02307
05468
02313
04762
00504
00262
04004
02475
01154
03743
04992
03025
00538
01626
04986
03031
03757
04038
05326
01140
03964
03970
03958
03780
00289
01197
01829
05483
01183
03794
02105
00712
00074
02663
04212
02677
05118
04206
03569
00060
01418
00706
04560
02111
01430
03227
04548
02139
05130
03541
00048
01356
01342
03555
03233
01424
00909
05871
05695
00935
01395
03582
03596
02688
01381
00921
02071
04400
00666
01578
00100
03409
04366
05078
02717
04372
02703
00114
00672
02065
04414
00882
01544
03353
03435
01222
01236
00128
03421
04428
03347
00896
01550
05905
02918
05911
00869
03390
05939
00841
01587
00699
05087
02930
04399
02924
00855
01593
03384
02515
04164
00302
00464
02273
03179
02267
00470
00316
01008
02501
04170
01020
02529
05246
04158
03637
03151
01746
00458
03145
03623
01034
03810
03804
03192
03186
03838
03190
04827
01787
00499
05287
04199
05293
03184
04833
03812
03806
03153
03635
05244
01022
01036
00328
03621
05250
02259
03147
01988
01750
02271
00466
00300
03609
04166
05278
02517
04172
02503
00314
00472
02265
02932
05085
01585
00843
03392
02098
03386
01591
00857
05907
05913
01220
02729
05046
04358
03437
03351
05720
01546
00880
00658
01552
00894
03345
05734
05052
03423
01234
02715
04364
00102
00664
04402
02073
03379
04416
05708
00670
00116
01208
02701
04370
03580
02846
00089
01397
00937
00923
01383
03594
05873
05867
01354
03543
05132
03225
01432
00738
01426
03231
05898
03557
02891
04238
02649
01340
04210
02661
01368
00076
00710
02107
03219
00704
00062
04204
02675
05495
04953
01195
03782
03796
01181
05481
03966
03972
01630
04990
03999
03741
00248
01156
01142
03755
01624
04774
02305
00512
00274
04012
02477
05318
04006
03769
00260
00506
02311
00261
03768
04007
02476
02310
00507
00513
04013
00275
03754
01143
01625
04985
05443
01157
00249
03740
03998
03973
03967
01180
02489
03797
05480
04952
05494
03783
01194
00705
02112
02674
04205
00063
00077
01369
02660
04211
03218
02106
00711
05899
03230
01427
00739
01341
02648
04239
03556
05133
03542
01355
01433
03224
05655
05872
00922
02853
03595
01382
01396
00088
03581
00936
00671
04417
03378
04371
02700
01209
00117
00103
04365
02714
02072
04403
00665
05735
03344
00895
01553
01235
03422
05053
03436
04359
02728
01221
00659
00881
01547
05721
03350
05912
05906
00856
01590
03387
02099
05090
03393
00842
01584
00315
02502
04173
02264
00473
00467
02270
02516
04167
03608
00301
05251
03620
00329
01037
01751
01989
03146
02258
03152
01745
01023
05245
03634
03807
01976
01962
03813
05292
03185
01792
00498
01786
03191
04198
05286
